Π. INDEX VERBORUM. ’ 321.

204, 2. 9 ἀσπιδίσκης 204, 8
άσττιδίσκην 202, 20.

ἀσπίδων 200, 19.

άστερέσκον 2988 ἀστερίσκῳ
888, 21.

άστήρ 288, 16 ἀστέρες 288, 10 ’
ἀστέρας 288, 19 ἀστέρων 190,
8, 88888, 888, 0. 12.

άτακτος 90, 8, 27822 ἄτακτον
13813. 20 ἀτάκτου 9818,
260, 20 άτακτα 1387 ἀτάκ-
τσνς 90, 6, 92, 7.

ἀτόπων 214,18.

αὖ 4, 28.

αὐξομένων 296, 23.

αὔταρκες 286, 7 αὐτάρκως 90,
8. 22, 114, 88,

αὐτοματίσαι 21817.

αὐτομάτως 202, 28.

8818, 8, 20, 88, 4, 881881,
8888, 88,28, 122,18, 180,
28, 888, 8 8888 48,11, 48,
28, 8818, 84, 28, 8881,
88, 18, 8811, 8814, 88,
1811, 181, 8811, 88, 8.
0. 81, 18811, 114, 8. 11.
1411, 118,8, 18818, 180,
88, 18818, 1481, 144,1,
180,18, 188,11, 18881,
18811, 188, 28. 20, 104,18,
884, 81, 888, 8. 4, 888, 18,
884, 88, 888, 18, 208,12,
818, 18, 8188, 814, 88. 88,
81818, 18, 888, 88, 888, 8.
18, 800, 11, 812, 21 888,
8, 8, 14, 4, 80, 0, 182, 21,
14811, 1881, 284,18,
802, 18. 28 88888 818, 12,
18, 14, 20, 881, 8818,
8888, 84, 21, 88, 28, 88,
10, 44, 4. 19. 21, 46,11.17,
8818, 88, 14. 10. 20, 84, 22,
88, 20, 88,18, 82,18, 84,
8, 14, 1, 8811, 8818,
02, 18, 04, 10. 8188, 888.
10, 08, 8. 11. 11. 88, 188,

38181111 op. 1811Π 811. 88688118.

10, 114, 26, 12819, 128,
16. 26. 27, 132, 11, 12, 148,
33 180,19; 1681820. 27,
17826, 178, 22, 18818.
21, 182, 7, 194,13, 220, 7,
222, 3. 24, 22819, 228, 6.
7, 234, 6. 26. 28, 242, 28,
244, 1, 3. 17, 246, 6. 9, 248,
7123 260,16, 26817, 264,
16, 266, 26, 26, 2689, 264,
2, 272, 2, 274,7, 276, 4.
21, 284, 22, 28810, 2889,
18. 263 29819, 300, 10, 304,
6,314,8 αὐτῆς 4, 2, 20, 9,
26,9, 80,12, 90,9, 96, 4.
17. 26, 98, 6. 8. 26, 10818,
104, 4. 8. 24, 1082, 126,
1011, 140, 8, 176, 6, 196,
8, 188,4.18, 212, 24, 214,
3, 2286, 22826, 2288,
242, 14, 260,12, 264, 8,
27810, 272, 9. 12. 23, 278,
26, 28818, 284,12, 288,
14 80183816, 822, 7819,
80,16. 21, 84,16, 96, 22,
12819, 130, 26, 162,11,
166, 19. 21, 16817, 164, 7.
12, 194,1.9.11.14, 21818,
24816, 2482, 27819,
28823, 294, 12, 296, 710.
16, 298, 7. 10, 804, 7, 310,
2, 312, 11,. 13, 314, 1. 2
αὐτῇ 820, 6824, 60, 26,
64, 7, 981028, 10811,
126, 1, 17818, 18816,
190, 31, 200, 19, 204,10,
216, 8, 224, 24, 226, 6,
234, 27, 2484, 244,11,
246, 14, 260, 10, 268, 13,
266, 7, 2186, 27818,
30826 αὐτόν 64,11, 118,
810. 14, 122,9,162,20, 170,
18. 29, 17816. 17, 174, 28,
1889, 200, 26, 242, 7. 18,
284, 6, 274, 27, 284, 2223,
288, 11. 22, 294, 20 846τή1

21

 

