11. INDEX VERBORUM. 355

πλάσαντες 138, 23. - πληθος 946 288,17, 296,23,
aWQQQ'wstmmm, QM1m,6
73 196, 6· 200, 21, 220,18, πλινθίὸωιί 66,14.
2221318 πλάτους 92,15 πλίνθον 194, 2 25 πλίνθου “
πωηα,π 1υ,π ¹
πλυίτυσμα 202, 26. πνέη 290,2
πλεῖον 196,15“, 296,5 πλείονα ποιεῖν 94', 26, 242, 21, 274,8,
70, 9, 242, 18, 296, 4. 25 278, 24 ποιείτω 1205· 1²:68
πλειόνων 296, 22 πίίείονας 7, 176, 10, 180,4 ποιοῦσα
666,1ο πνέον 6,1; 1ιο,6; 161, 143 168, 6, 170, 11
ffimhmmffiwffi mmm1ffin1m6
πλεῖστον 132, 3, 190, 30. ποιοῦντες 218,18, 240, 20,
πλεονάζον 284,15. 290, 4 ἐποιοῦμεν 240, 6
πλευρά 14,15, 16,8. 17, 18, ἐποίουν 74,2 ποιήσει 96,9,
>QOfflmmm8 mm81w6mm
8st8m38a38a1386Q818‚2;18,4'nw
32,19, 38, 9. 16, 40, 7, 44, ήσεις 74,13 ποιήσομεν 66,
12. 14, 46, 3. 24, 50,17, 25, 126, 6, 246, 14 17. 24
52, 17. 30, 54, 11. 22, 56, ποιησουσι 174 20 ἐποιήσαμεν
19, 60,9, 62,12, 86,19, 236,21 ποιησωμεν 76,1,144,
παμπεωωαη πππωωωωηα
QmQQnQQQ,mmffiQ6Qffifl;

136, 2. 22.26.29; 144,26; 254,22; νει,ιο ποίησον 18,
. 176,6.11; 178,16.23; 184, 19³ 41,1ι; 16ο,6; 166,11;
6.880,8m67Q lsshsswssQffifflz
284,9 πλευρας9215, 132, 184, 7 ποιήσαντα 8, 9. 11,
11,156,12,160,19,164, 122,5, 130, 22,136,18,
, 16,166,16 20, 168,11 138,11 ποιήσαντες20,3(4),
πλευρᾷ 6414, 86,8,178, 138, 5, 252, 21 ποιεῖσθαι

13, 300, 10 πλευρ6ίν4, 21. 298, 3 ποιησόμεθα 16, 13
23, 29· 8,,13 10,19,18, (14) ἐποιησάμεθα 16, 12 “
15. 21. 22. 23. 253 28, 27, ἐποιήσαντο 4,18 ποιησώμεθα
πππωμᾙπω πῶψωεωωωι
28. 273 54, 5. 9, 64, 2, 2,14, 294,9 πεποίηνται 188,
68, 103 84, 23, 86, 5.·7 ,156, 14, 218,8. 133 232, 24 πε-
11, 160, 12, 172, 27, 176, ποίήσ666 168, 3.
19,178,13, 184,2 πλευραί ποικιλογραφῶμεν 254, 28.

28, 23,108,14. 183 248, 58 πολεμίων 190,12.

πλευρῶν 18, 123 207, 261, πολείσθω 294, 18. 23

34, 20, 36, 6. 20, 4013, πολιορκεῖν 190,15.
Qmwwm88838Qnm1
mst888Q2883688fflQmstm6
280,16. 21, 300,3 πλευραῖς πολλαπλασιάζω 278, 27 πολ-
6,18, 46,18, 264,4 πλευράς λαπλασιοίσαι 94, 29, 100, 2,
1οψ6ω66616 1ηοαηηπμππ
12. 173 278, 4. 138,18 πολλαπλασιάσας130,1

213*

 

