11. INDEX VERBORUM. 327

ἱ 30, 1. 2. (3). 4. 29, 32, 9,
36, 26, 40, 11. 12. 14. 17.
23. 24. 25. 26, 42, 2. 4, 48,
’ 2, 62, 30, 94, 26, 96,19,
ζ 106, 31, 108, 1. 3. 4. 5. 6. 7.
9. 27, 110,17. 192112,
114, 20. 23, 120,10. 11. 12.
21, 122, 26. 28. 29. 30, 124,
1, 128,17, 136, 2. 13, 148,
25. 27, 160, 21, 162,16.16,
= 154, 7, 168,6, 162, 23, 166,
. 8. 12. 28. 29, 170, 1. 73 174,
10. 11, 180, 22. 23. 24. 26.
, 27. 28, 182, 6. 6, 226, 9,
230, 29, 232, 7. 19, 266,14,
278, 5. 8. 9. 14. 15. 16. 17,
280,21, 282, 29 δοθέν 10,
18, 22,1, 24, 21, 28,26.
29. 30, 36, 23. 26. 27, 38,1.
6. 9. 11. 12. 13. 17. 22. 26,
’ 40, 26, 44, 6. 12. 13. 16. 17.
19. 20. 21. 23, 46,12, 48,
23, 62, 4. 5. 6. 8. 30, 64, 1,
66,11. 12, 68, 8. 18, 60, 3,
v 62, 6. 7. 24. 26, 64,28, 94,
13, 96, 18. 20, 98,11.29,
100,1.16, 102,1, 106, 31,
108, 4. 910, 110, 25. 28. 29,
114, 18. 22. 24. 26. 27, 118,
16, 120, 2, 122, 27, 124, 4,
128, 20, 130, 20. 21, 132,
23, 136, 7, 142, 6. 28, 146,
1, 148, 4. 15. 16. 17. 19. 23.
26. 28. 29, 160, 21, 162,16.
17, 164, 3. 8. 10. 12. 1617.
18, 168, 6, 160, 6. 7. 24. 26,
162, 1. 21. 22. 23. 26. 164, 8.
1718, 166, 3. 4. 11. 12. 13.
18. 19. 24. 25. 26. 29, ’168,
= 10,13.16.17, 170, 1. 7. 9,
174,11. 12. 16. 16, 180, 19,
182, 7, 214,18, 228,2, 232,
4, 234,24, 242,27, 248,1.11,
264,6, 266,16, 260, 6. 18.
’ 19, 268, 21, 270,10, 272,
16. 17. 19. 26, 274,17.20,

ΜΑΛαααωηνα
mss3mst2wwm
ααμαωμαααο
ωιαπμωωμω,
1662ηααιαο,

ιωααωψααηα
wstwffistffimmfflz
9.14, 268, 8, 272,16, 276,
αοωωωωααα,
120, 27, 170,16, 266,13,
amwwmnmfflna
eaQawmfflwqffl
1. 21, 162, 24, 164, 6. 6. 10,
ffissffidffimflffl&
lfflwsswhfflfflstffi
13, 260, 3, 268,9 δοθείσῃ
ωμῃῃααῃαω
εωαψωιαωαα
αωωαῃαωαω,
αμηηαωμαη
Ἦμααοψναα;
εηπηηῇηηοω
αιψιωαιηα,
274, 16 δοθεῖσαν 30, 28, 36,
20, 40, 12, 170, 6, 18411,
278,1 δ<οθέντες> 182,1
δοθεῖσαι 180, 18 δοθέντων
36, 12, 218, 20, 22219,
Μαωααηωααα
wammmmwmm
26 δοθεισῶν 10,19, 1613,
20,7, 26,2, 34, 20, 36,6,
αααμωαψαω
280,16 δοθείσας 36, 12 δο-
θήσεται 36,16.

διελθόντα 296, 28.

διεξελοῦμεν 27416.

διημαρτημένα 188,11.

δικαιοσύνη 140, 22. ·

δίμοιρον 122, 7, 130, 29.

διό 4, 17, 176, 2, 286, 11,
mffi

διοίκησιν 2, 8. ’

Μωααηααωα,
,απ ⁴

διοπτεύειν 200, 6, 214, 23 61-

 

