‚IL INDEX VERBORUM. 351

104,17. 18. 22. 28. 29, 106,
, 1. 4. 5, 108, 9, 110, 16,
114, 21. 23, 116, 2. 9, 118,
22, 120, 8. 11,.122, 627,
124, 10, 126, 7, 128, 11,
130,10. 23, 132,18, 144,18.
19. 20. 26, 146,10, 24, 148,
24, 162, 14. 18, 178, 13,
180, 23, 182, 4. 8. 16, 212,
10. 14, 216, 11, 218, 9,
230, 4, 232, 14, 234, 1619,
236,9. 2527, 238,2, 252,
. 10. 263 258, 20, 262, 13,
268, 21, 282, 16. 18. 21,
284,1. 12, 298, 20, 302, 26,
308,10 τούτου 16, 11, 20 ,6,
26,16, 76, 12, 80, 7. 13,
925, 94,,1 9618 120 24·
218, 6, 262, 15, 290, 11'
ταύτης256, 18, 264, 20 τού-
τῳ 68,7, 80,15, 194, 22,
200, 24, 26, 294, 20, 308,5,
312, 3. 13. 14. 15. 25. 26,
314, 9 ταύτῃ 76,5, 164,13,
214,14, 218, 7. 12, 222, 25,
260, 25· 290, 3, 302, 10
τοῦτον 1,18 29, 122,,4 128,
6, 288, 2 ταύτην 236,19,
242, 25 οὗτοι 66,17,74,4.
23 ταῦτα 14, 15, 16, 4. 9,
18,19.20, 30, 7. 9, 32,17,
34, 22, 36’,8, 40, 2, 4. 56,
44. 28, 46, 1. 2, 48, 25,
52,10, 54,4, 56,15, 58,10,
60, 5, 62, 8. 26, 64, 29,
66,2.11, 70, 2. 37, 76, 4,
108, 20, 116, 4. 7. 8., 120,
14, 122, 5, 124, 7. 9. 11,

anwffiffi,

ffifflfflmuww
:wmmmssw3
wmmmmaemm3
308,19 τούτων 4, 4. 25· ,6,
1.5,8,12,10,13,14,12.
141616,5.8,,918,16

wmffimfflffia
nstmmwQQ

.wammffim

ffimffiffimmu
QQWMWW&
mwanm&
mmmfflmwm
memmw4
Qanmm;
menmm
QmmwmQ
mmmssffimffi
304, 15, 310, 20 τούτοις
92, 7, 200, 7 ταύτας 92,11,
188, 21, 290, 5.

οὕτως 18, 1. 5. 23, 24,6. 8. 22,

28,31, 30,5.8, 321520, 34,
17, 36,4, 38,27,42,5,44,23,
48, 24, 52, 9, 54, 2, 56,14,
58, 9, 60,4, 62, 8, 26, 64,29,
68,16, 76, 1, 82, 2, 88, 20,
90,12, 94,15, 96,2, 104,
17, 108, 11, 110, 15. 29,,
114, 28, 118, 17, 122, 25,
128,22, 132, 2, 144, 7. 19,
146, 10, 148, 8. 13. 15. 30,
150, 10. 11. 20. 23, 152,18,
154, 21, 156, 14, 158, 4. 7,
8, 160, 4.7, 162,15, 164,
1,10, 168,1. 3, 170, 22,
172, 8. 16, 174, 17, 176,1.
14. 23, 180, 31, 182, 9. 15,

mwsmfflmm

mmmwmffi

mmmmmmm

mwmfflmffl&
mfflmmaemu
mffiffiumffl;
mmmmmm
mmmmnmffi

ὀφθῇ 216, 6.
ὀχήματος 294, 4, 298, 1

&mm,mwfflw‚
222, 2 ὄχθαι 220,19 ὄχθας

222, 14

,Ὴπῃῃωωόωωωωω

 

