Π. INDEX VERBORUM.

ὑποστησώμεθα 74, 26, 292, 7
ὑποστησάμενον 28, 2.

ὑποχειρίους 190,17.

ὕψος 2,16, 76,19, 80, 16. 20,
84, 17. 22. 27, 88, 14. 16,
94, 9. 10. 13. 19. 21. 233 96,
1317202228, 98,2. 3.
6. 9. 11. 16. 27, 102, 11. 13.
19, 106,16, 114, 8. 11. 14
17. 26, 116, 2. 9. 163 118,6.
8. 22, 122, 2 6 19, 124, 3,
128, 26, 130, 16. 20. 23, 134,
6.8.13,180,12 19,182,
16, 196, 16. 22, 200, 6. 8
6ψονς 184, 4. 8

Φ

φαίνονται 74, 23 φαινέσθωσαν
666, 6 φανῇ 646, 6, 646, 66
666, 6. 6. 64. 66, 6666, 664,
28, 240,1, 242, 8. 16, 266,
26, 268, 9 φανῶσι 228,143
242, 12 φανῆναι 2207 ’1242
2ττεφηνέτω 216, 8, 222,10,

φανερ6ί 94,1 φανερόν 12,16.
(46), 4ο, 46, 4466, 664,’ 44,
666, 64, 666, 66, 666, 66
664, 6, 646, 4, 666, 6, 666
16 φανεροίν 36,11, 132,10.

φέρειν 188,12 φέρουσαι 264, 6
φέρεται 304 11 φέρηται 96 4
φερέσθω 9414 φερόμενον
214,10, 314,6 φερομένην
96, 7 φέρεσθαι 9416, 96,6
ἐφέρετο 96,11.

πεφιλοτιμήμεοα 188,17

φοραί 96,10.

φορτίον 308,12, 16, 312, 17.

φρεατίας 646, 66, 646, 64, 666,
26, 264, 2, 266,6 φρεατίαν
264,7 φρεατίαν 264,4 φρεα-
τιῶν 264,8.

φύσεως 140, 8.

φυσικοῦ 190, 14.

φῶτα 132,4.

365

χαλκωμένης 204,3.

κεχαλάσθω 264, 7.

χαλκ666196, 16 χάλκεον190,27,
294,1 χαλκοῦν 196, 11. 18
χαλκᾶ 194, 26, 200, 1. 8
χαλκῷ 196, 13 χαλκῆ 190, 29.

χοίριν 216,13.

χοίρτῃ 216, 10 χάρτην90, 16. 17

χαῦνον 214, 6.

χεῖλος 304, 7 9.

χειμερινάς 302, 28, 304,13.

χειρολοίβης312, 19 χειρολοίβην

χελωνοίρίον 200, 24 χελωναρίον
202, 6 χελωναρίφ 200, 26

χοινικίς 190, 28· 194, 23 χοι· ,
νικίὸα 194, 9 χοινικίὸος 194,
10 χοινικίοι 194, 21, 294,.3

χοινικιὸίῳ 200, 17 χοινικί6ια

χορηγεῖ 286, 8.

χορηγία 286, 17

χρεία 194, 16 χρείας 188, 4·
190,1. 23, 286, 20· 288, 21
χρείαν 188, 6.

χρειώὃονς2, 6.

χρη 190, 16, 242, 24, 284, 13,

χρῆσιν 204, 25.

χρίεται 202,4.

χρόνον 286, 17 χρόνον 290,1.

χρῶνται272, 19· ,288 20 χρῆσθαι
138, 26 χρησόμεθα 76,17,
302, 20 χρησασθαι 766 ’ζ288
23, 296, 26 χρησάμενοι 118,
26 κέχρηνται 188, 16 κεχρη-
μένους 288, 25.

χώραν 140, 10, 196, 7· 296, 3
χώρᾳ 196, 6.

χωρῆσαι, 2 8 χωρήσομεν 174, 23
χωρητέον 92, 6

χωρίον 4, 12. 21. 23. 27, 6, 8.
18. 20, 68,13, 76, 28, 140,
6, 142, 3, 144, 22, 162,10,

 

