H.
INDEX VERBORUM.

positiones coniunctionesque praefiermisi. Numeri sunt
paginarum versiculorumque.

· 280,17 ἀγαγόντες 240,16;
Α 262, 26, 264, 1, 6, 212, 11
ν100,13 ἀβάτων 302, 8. , ἀγαγόντας 20, 8 ἀγομένη

ν 26624. , 46,11,16, 64,21, 6616,
226, 6 ἄγειν 212, 11. 3 100,10;102,8,110,1,232,1
ἄγοντες 218, 17 ἀγωμεν ³ ἀγόμενον 308,9 ἀγομένης
15 ἤγαγον 222,4.25, 96, 26, 166,7; 234,21 ἀγο-
6616, 26624, 2624 μένην 6616, 66,4, 16216,
νων 6,11 ἀχοεινης 164,26,166,21,226,11.26,
21, 16621, 262, 14 26616. 11, 264, 6612,
εισῶν 34, 4; 260, 27, 236, 8. 10. 22 ἀγομένας
616, 2661 ἤχοω. 16,16,264,16 ἦνννν 16,1,
1. 16, 14, 22, 2216, 26, γ 24, 16 ἠγμένη 21616 η,-
16, 6. 61, 66, 1321, 62, , μέννι 223,13.

31‚23, 4616, 4616, γ νἠνηην 214,6 ἀγωγάς 1666
6, 6622, 1612, 1621, = 666166 4, 4.

14, 11611, 166, 2, οεννφόρῳ 1261.

6, 116, 26, 11216, ἀδύνατον 4614, 21211,
614, 16626, 21426, , 611 64, 16, 661, 16616,
6, 266, 16, 246, 11, 1 221,14,266,16,264,16.
1. 1, 266, 6, 266, 24, Ι ἀθεώρητον 21616.

11, 212, 21, 262, 6, l 6166661.

23 ἤχθωσαν 8, 20; Ι ἀκίνη164194,18ἀνανήτον228,7.
22, 112, 24, 126, 2. 3, ξ 16, 242, 6, 16, 26626 ἀκν-
1, 262, 2, 264, 22 νήνων22ο,1,264,6, 26611.
ᾅσεται 214,2 ἀγάγω ἀκλινῆ 266, 10 ἀκλινοῦς 250,
6 ἀγάγωμεν 14613, 16, 26611.

1εῖν 162, 26; 162, 27, ξ ἀκολουθεῖ 290, 12 ἀκολου-
1, 278,1 ἀγαγόνταῖ θοῦντες272, 14 ἀκολουθήσει

 

